2.0000 1.8692 0.0416 6.0000 0.0001
3.0000 2.4000 0.1278 10.0000 0.0312 
4.0000 1.0753 0.0955 10.0000 0.0064 
5.0000 1.2376 0.2087 13.0000 0.0267 
6.0000 1.2579 0.1306 13.0000 0.0216 
7.0000 1.3109 0.1625 12.0000 0.0219 
8.0000 0.9101 0.0699 7.0000 0.0208 
9.0000 1.0022 0.1139 10.0000 0.0075 
10.0000 0.6109 0.1480 11.0000 0.0157 
11.0000 0.6651 0.0405 4.0000 0.0120 
12.0000 0.6400 0.2706 13.0000 0.0398 
13.0000 0.6413 0.1838 13.0000 0.0029 
14.0000 0.6530 0.1818 13.0000 0.0230 
15.0000 0.6840 0.1982 13.0000 0.0254 
16.0000 0.7217 0.1811 11.0000 0.0271 
18.0000 0.7752 0.1640 9.0000 0.0500 
18.0000 0.7752 0.2114 29.0000 0.0192 
19.0000 0.7492 0.1737 12.0000 0.0185 
21.0000 0.7815 0.0936 9.0000 0.0187 
22.0000 0.7455 0.1799 11.0000 0.0249 
23.0000 0.7616 0.1187 14.0000 0.0041 
24.0000 0.7782 0.2120 13.0000 0.0293 
25.0000 0.7864 0.0082 4.0000 0.0072 
26.0000 0.6179 0.1461 13.0000 0.0120 
28.0000 0.5973 0.2232 18.0000 0.0131 
28.0000 0.5973 0.0868 27.0000 0.0179 
29.0000 0.6166 0.0563 7.0000 0.0068 
30.0000 0.5320 0.1837 14.0000 0.0310 
31.0000 0.4877 0.1332 12.0000 0.0220 
32.0000 0.4860 0.1442 11.0000 0.0208 
33.0000 0.4612 0.0837 7.0000 0.0224 
34.0000 0.4513 0.2027 11.0000 0.0294 
35.0000 0.4287 0.1888 15.0000 0.0249 
36.0000 0.4384 0.1084 9.0000 0.0124 
37.0000 0.4475 0.1367 12.0000 0.0197 
38.0000 0.4582 0.2127 16.0000 0.0180 
39.0000 0.4689 0.1455 9.0000 0.0453 
40.0000 0.4309 0.1092 9.0000 0.0232 
41.0000 0.4364 0.1710 13.0000 0.0238 
42.0000 0.4364 0.1731 12.0000 0.0219 
43.0000 0.4373 0.0765 10.0000 0.0214 